  0 64 32 32
! 32 64 32 32
" 64 64 32 32
# 96 64 32 32
$ 128 64 32 32
% 160 64 32 32
& 192 64 32 32
' 224 64 32 32
( 256 64 32 32
) 288 64 32 32
* 320 64 32 32
+ 352 64 32 32
, 384 64 32 32
- 416 64 32 32
. 448 64 32 32
/ 480 64 32 32
0 0 96 32 32
1 32 96 32 32
2 64 96 32 32
3 96 96 32 32
4 128 96 32 32
5 160 96 32 32
6 192 96 32 32
7 224 96 32 32
8 256 96 32 32
9 288 96 32 32
: 320 96 32 32
; 352 96 32 32
< 384 96 32 32
= 416 96 32 32
> 448 96 32 32
? 480 96 32 32
@ 0 128 32 32
A 32 128 32 32
B 64 128 32 32
C 96 128 32 32
D 128 128 32 32
E 160 128 32 32
F 192 128 32 32
G 224 128 32 32
H 256 128 32 32
I 288 128 32 32
J 320 128 32 32
K 352 128 32 32
L 384 128 32 32
M 416 128 32 32
N 448 128 32 32
O 480 128 32 32
P 0 160 32 32
Q 32 160 32 32
R 64 160 32 32
S 96 160 32 32
T 128 160 32 32
U 160 160 32 32
V 192 160 32 32
W 224 160 32 32
X 256 160 32 32
Y 288 160 32 32
Z 320 160 32 32
[ 352 160 32 32
\ 384 160 32 32
] 416 160 32 32
^ 448 160 32 32
_ 480 160 32 32
` 0 192 32 32
a 32 192 32 32
b 64 192 32 32
c 96 192 32 32
d 128 192 32 32
e 160 192 32 32
f 192 192 32 32
g 224 192 32 32
h 256 192 32 32
i 288 192 32 32
j 320 192 32 32
k 352 192 32 32
l 384 192 32 32
m 416 192 32 32
n 448 192 32 32
o 480 192 32 32
p 0 224 32 32
q 32 224 32 32
r 64 224 32 32
s 96 224 32 32
t 128 224 32 32
u 160 224 32 32
v 192 224 32 32
w 224 224 32 32
x 256 224 32 32
y 288 224 32 32
z 320 224 32 32
